9781787436268,9781787436268,9781787436251,9781787436251
9781787436268,9781787436268,9781787436251,9781787436251
9781787437920,9781787437920,9781787437913,9781787437913
9781787437968,9781787437968,9781787437951,9781787437951
9781787437968,9781787437968,9781787437951,9781787437951
9781787437968,9781787437968,9781787437951,9781787437951
9781787437968,9781787437968,9781787437951,9781787437951
9781787437968,9781787437968,9781787437951,9781787437951
9781787438972,9781787438972,9781787438965,9781787438965
9781787438972,9781787438972,9781787438965,9781787438965
9781787540392,9781787540392,9781787540385,9781787540385
9781787540392,9781787540392,9781787540385,9781787540385
9781787540392,9781787540392,9781787540385,9781787540385
9781787543560,9781787543560,9781787543539,9781787543539
9781787543560,9781787543560,9781787543539,9781787543539
9781787543584,9781787543584,9781787543577,9781787543577
9781787543584,9781787543584,9781787543577,9781787543577
9781787543584,9781787543584,9781787543577,9781787543577
9781787546547,9781787546547,9781787546516,9781787546516
9781787546547,9781787546547,9781787546516,9781787546516
9781787562523,9781787562523,9781787562493,9781787562493
9781787562523,9781787562523,9781787562493,9781787562493
9781787563025,9781787563025,9781787562998,9781787562998
9781787563025,9781787563025,9781787562998,9781787562998
9781787548374,9781787548374,9781787548367,9781787548367
9781787548374,9781787548374,9781787548367,9781787548367
9781787548374,9781787548374,9781787548367,9781787548367
9781787145207,9781787145207,9781787145191,9781787145191
9781787147768,9781787147768,9781787147751,9781787147751
9781787430426,9781787430426,9781787430419,9781787430419
9781786352248,9781786352248,9781786352231,9781786352231
9781786352248,9781786352248,9781786352231,9781786352231
9781786352248,9781786352248,9781786352231,9781786352231
