9781787146730,9781787146730,9781787146723,9781787146723
9781787146730,9781787146730,9781787146723,9781787146723
9781787148529,9781787148529,9781787148512,9781787148512
9781787148529,9781787148529,9781787148512,9781787148512
9781787567665,9781787567665,9781787430532,9781787430532
9781787432079,9781787432079,9781787432062,9781787432062
9781787432079,9781787432079,9781787432062,9781787432062
9781787432079,9781787432079,9781787432062,9781787432062
9781787432291,9781787432291,9781787432284,9781787432284
9781787541924,9781787541924,9781787541917,9781787541917
9781787541924,9781787541924,9781787541917,9781787541917
9781787541924,9781787541924,9781787541917,9781787541917
9781787549692,9781787549692,9781787549685,9781787549685
9781787568082,9781787568082,9781787568075,9781787568075
9781787568082,9781787568082,9781787568075,9781787568075
9781787430907,9781787430907,9781787430891,9781787430891
9781787430907,9781787430907,9781787430891,9781787430891
9781787561267,9781787561267,9781787561250,9781787561250
9781787561267,9781787561267,9781787561250,9781787561250
9781787561267,9781787561267,9781787561250,9781787561250
9781787561366,9781787561366,9781787561359,9781787561359
9781787561663,9781787561663,9781787561656,9781787561656
9781787561663,9781787561663,9781787561656,9781787561656
9781787437708,9781787437708,9781787437692,9781787437692
9781787437708,9781787437708,9781787437692,9781787437692
9781787542600,9781787542600,9781787542594,9781787542594
9781787542600,9781787542600,9781787542594,9781787542594
9781787542600,9781787542600,9781787542594,9781787542594
9781787542600,9781787542600,9781787542594,9781787542594
