9781787540682,9781787540682,9781787145573,9781787145573
9781787540682,9781787540682,9781787145573,9781787145573
9781787540682,9781787540682,9781787145573,9781787145573
9781787147928,9781787147928,9781787147911,9781787147911
9781787433489,9781787433489,9781787433472,9781787433472
9781787433489,9781787433489,9781787433472,9781787433472
9781787433489,9781787433489,9781787433472,9781787433472
9781787437906,9781787437906,9781787437890,9781787437890
9781787437906,9781787437906,9781787437890,9781787437890
9781787547872,9781787547872,9781787547865,9781787547865
9781787547872,9781787547872,9781787547865,9781787547865
9781787562769,9781787562769,9781787562752,9781787562752
9781787565326,9781787565326,9781787565319,9781787565319
9781787565326,9781787565326,9781787565319,9781787565319
9781787690523,9781787690523,9781787690493,9781787690493
9781787566040,9781787566040,9781787566033,9781787566033
9781787566521,9781787566521,9781787566514,9781787566514
9781787566521,9781787566521,9781787566514,9781787566514
9781787565821,9781787565821,9781787565814,9781787565814
9781787543508,9781787543508,9781787543492,9781787543492
9781787543508,9781787543508,9781787543492,9781787543492
9781787563162,9781787563162,9781787563155,9781787563155
9781787563162,9781787563162,9781787563155,9781787563155
9781787563162,9781787563162,9781787563155,9781787563155
9781787563162,9781787563162,9781787563155,9781787563155
9781787563223,9781787563223,9781787563216,9781787563216
9781787563520,9781787563520,9781787563513,9781787563513
9781787545380,9781787545380,9781787545373,9781787545373
9781787545380,9781787545380,9781787545373,9781787545373
9781787545380,9781787545380,9781787545373,9781787545373
9781787545380,9781787545380,9781787545373,9781787545373
9781787545380,9781787545380,9781787545373,9781787545373
9781787563124,9781787563124,9781787563117,9781787563117
9781787563124,9781787563124,9781787563117,9781787563117
9781787548497,9781787548497,9781787548480,9781787548480
9781787548497,9781787548497,9781787548480,9781787548480
9781787548497,9781787548497,9781787548480,9781787548480
9781787548497,9781787548497,9781787548480,9781787548480
