9781787144880,9781787144880,9781787144873,9781787144873
9781787144880,9781787144880,9781787144873,9781787144873
9781787144880,9781787144880,9781787144873,9781787144873
9781787144880,9781787144880,9781787144873,9781787144873
9781787147683,9781787147683,9781787147676,9781787147676
9781787148345,9781787148345,9781787148338,9781787148338
9781787148345,9781787148345,9781787148338,9781787148338
9781787434042,9781787434042,9781787434035,9781787434035
9781787434042,9781787434042,9781787434035,9781787434035
9781787434141,9781787434141,9781787434134,9781787434134
9781787546981,9781787546981,9781787437876,9781787437876
9781787543201,9781787543201,9781787543171,9781787543171
9781787543201,9781787543201,9781787543171,9781787543171
9781787548336,9781787548336,9781787548329,9781787548329
9781787548817,9781787548817,9781787548800,9781787548800
9781787548817,9781787548817,9781787548800,9781787548800
9781787548855,9781787548855,9781787548848,9781787548848
9781787548855,9781787548855,9781787548848,9781787548848
9781787148406,9781787148406,9781787148390,9781787148390
9781787437746,9781787437746,9781787437739,9781787437739
9781787437746,9781787437746,9781787437739,9781787437739
9781787548893,9781787548893,9781787548886,9781787548886
9781787146082,9781787146082,9781787146075,9781787146075
9781787146082,9781787146082,9781787146075,9781787146075
