9781787146754,9781787146754,9781787146747,9781787146747
9781787146754,9781787146754,9781787146747,9781787146747
9781787433502,9781787433502,9781787433496,9781787433496
9781787433502,9781787433502,9781787433496,9781787433496
9781787435308,9781787435308,9781787435292,9781787435292
9781787435308,9781787435308,9781787435292,9781787435292
9781787435308,9781787435308,9781787435292,9781787435292
9781787435308,9781787435308,9781787435292,9781787435292
9781787435308,9781787435308,9781787435292,9781787435292
9781787438996,9781787438996,9781787438989,9781787438989
9781787562608,9781787562608,9781787562592,9781787562592
9781787562608,9781787562608,9781787562592,9781787562592
9781787562608,9781787562608,9781787562592,9781787562592
9781787562608,9781787562608,9781787562592,9781787562592
9781787563902,9781787563902,9781787563872,9781787563872
9781787567702,9781787567702,9781787567672,9781787567672
9781787562080,9781787562080,9781787562073,9781787562073
9781787562080,9781787562080,9781787562073,9781787562073
9781787564404,9781787564404,9781787564398,9781787564398
9781787564404,9781787564404,9781787564398,9781787564398
9781787437685,9781787437685,9781787437678,9781787437678
9781787437685,9781787437685,9781787437678,9781787437678
9781787548299,9781787548299,9781787548282,9781787548282
9781787438163,9781787438163,9781787438156,9781787438156
9781787561502,9781787561502,9781787561496,9781787561496
9781787561502,9781787561502,9781787561496,9781787561496
9781787543225,9781787543225,9781787543218,9781787543218
9781787543225,9781787543225,9781787543218,9781787543218
9781787543225,9781787543225,9781787543218,9781787543218
9781787543225,9781787543225,9781787543218,9781787543218
